102636, 102637, 102638, 102639, 102640, 102641

102642, 102643, 102644, 102645, 102646, 102647, 102648, 102649, 102650, 102651, 102652

102653, 102654, 102655, 102656

102657, 102658

102659

102660, 102661, 102662

102663

102664, 102665

102666, 102667, 102668, 102669, 102670, 102671, 102672, 102673, 102674, 102675, 102676, 102677

102678, 102679, 102680, 102681, 102682, 102683

102684, 102685, 102686, 102687

102688

102689, 102690, 102691

102692, 102693, 102694, 102695, 102696, 102697, 102698, 102699, 102700, 102701, 102702, 102703, 102704, 102705, 102706


HTML Sample failed to transfer